14.6 14.4 14.6 15.2 16.1 17.5 19.4 21.4 24.0 26.7 29.3 31.9 
14.4 14.6 15.2 16.1 17.5 19.4 21.4 24.0 26.7 29.3 31.9 34.4 
14.6 15.2 16.1 17.5 19.4 21.4 24.0 26.7 29.3 31.9 34.4 36.5 
15.2 16.1 17.5 19.4 21.4 24.0 26.7 29.3 31.9 34.4 36.5 38.5 
16.1 17.5 19.4 21.4 24.0 26.7 29.3 31.9 34.4 36.5 38.5 39.6 
17.5 19.4 21.4 24.0 26.7 29.3 31.9 34.4 36.5 38.5 39.6 40.7 
19.4 21.4 24.0 26.7 29.3 31.9 34.4 36.5 38.5 39.6 40.7 40.9 
21.4 24.0 26.7 29.3 31.9 34.4 36.5 38.5 39.6 40.7 40.9 40.7 
24.0 26.7 29.3 31.9 34.4 36.5 38.5 39.6 40.7 40.9 40.7 40.1 
26.7 29.3 31.9 34.4 36.5 38.5 39.6 40.7 40.9 40.7 40.1 38.5 
29.3 31.9 34.4 36.5 38.5 39.6 40.7 40.9 40.7 40.1 38.5 36.8 
31.9 34.4 36.5 38.5 39.6 40.7 40.9 40.7 40.1 38.5 36.8 34.5 
34.4 36.5 38.5 39.6 40.7 40.9 40.7 40.1 38.5 36.8 34.5 32.1 
36.5 38.5 39.6 40.7 40.9 40.7 40.1 38.5 36.8 34.5 32.1 29.4 
38.5 39.6 40.7 40.9 40.7 40.1 38.5 36.8 34.5 32.1 29.4 26.9 
39.6 40.7 40.9 40.7 40.1 38.5 36.8 34.5 32.1 29.4 26.9 24.0 
40.7 40.9 40.7 40.1 38.5 36.8 34.5 32.1 29.4 26.9 24.0 21.7 
40.9 40.7 40.1 38.5 36.8 34.5 32.1 29.4 26.9 24.0 21.7 19.3 
40.7 40.1 38.5 36.8 34.5 32.1 29.4 26.9 24.0 21.7 19.3 17.7 
40.1 38.5 36.8 34.5 32.1 29.4 26.9 24.0 21.7 19.3 17.7 16.4 
38.5 36.8 34.5 32.1 29.4 26.9 24.0 21.7 19.3 17.7 16.4 15.4 
36.8 34.5 32.1 29.4 26.9 24.0 21.7 19.3 17.7 16.4 15.4 14.9 
34.5 32.1 29.4 26.9 24.0 21.7 19.3 17.7 16.4 15.4 14.9 14.8 
32.1 29.4 26.9 24.0 21.7 19.3 17.7 16.4 15.4 14.9 14.8 15.0 
29.4 26.9 24.0 21.7 19.3 17.7 16.4 15.4 14.9 14.8 15.0 15.6 
26.9 24.0 21.7 19.3 17.7 16.4 15.4 14.9 14.8 15.0 15.6 16.6 
24.0 21.7 19.3 17.7 16.4 15.4 14.9 14.8 15.0 15.6 16.6 18.0 
21.7 19.3 17.7 16.4 15.4 14.9 14.8 15.0 15.6 16.6 18.0 19.8 
19.3 17.7 16.4 15.4 14.9 14.8 15.0 15.6 16.6 18.0 19.8 21.8 
17.7 16.4 15.4 14.9 14.8 15.0 15.6 16.6 18.0 19.8 21.8 24.1 
16.4 15.4 14.9 14.8 15.0 15.6 16.6 18.0 19.8 21.8 24.1 26.8 
15.4 14.9 14.8 15.0 15.6 16.6 18.0 19.8 21.8 24.1 26.8 29.3 
14.9 14.8 15.0 15.6 16.6 18.0 19.8 21.8 24.1 26.8 29.3 31.8 
14.8 15.0 15.6 16.6 18.0 19.8 21.8 24.1 26.8 29.3 31.8 34.3 
15.0 15.6 16.6 18.0 19.8 21.8 24.1 26.8 29.3 31.8 34.3 36.3 
15.6 16.6 18.0 19.8 21.8 24.1 26.8 29.3 31.8 34.3 36.3 38.2 
16.6 18.0 19.8 21.8 24.1 26.8 29.3 31.8 34.3 36.3 38.2 39.4 
18.0 19.8 21.8 24.1 26.8 29.3 31.8 34.3 36.3 38.2 39.4 40.1 
19.8 21.8 24.1 26.8 29.3 31.8 34.3 36.3 38.2 39.4 40.1 40.3 
21.8 24.1 26.8 29.3 31.8 34.3 36.3 38.2 39.4 40.1 40.3 40.1 
24.1 26.8 29.3 31.8 34.3 36.3 38.2 39.4 40.1 40.3 40.1 39.0 
26.8 29.3 31.8 34.3 36.3 38.2 39.4 40.1 40.3 40.1 39.0 37.4 
29.3 31.8 34.3 36.3 38.2 39.4 40.1 40.3 40.1 39.0 37.4 35.9 
31.8 34.3 36.3 38.2 39.4 40.1 40.3 40.1 39.0 37.4 35.9 35.9 
34.3 36.3 38.2 39.4 40.1 40.3 40.1 39.0 37.4 35.9 35.9 33.8 
36.3 38.2 39.4 40.1 40.3 40.1 39.0 37.4 35.9 35.9 33.8 28.9 
38.2 39.4 40.1 40.3 40.1 39.0 37.4 35.9 35.9 33.8 28.9 26.4 
39.4 40.1 40.3 40.1 39.0 37.4 35.9 35.9 33.8 28.9 26.4 23.9 
40.1 40.3 40.1 39.0 37.4 35.9 35.9 33.8 28.9 26.4 23.9 21.5 
40.3 40.1 39.0 37.4 35.9 35.9 33.8 28.9 26.4 23.9 21.5 19.4 
40.1 39.0 37.4 35.9 35.9 33.8 28.9 26.4 23.9 21.5 19.4 17.8 
39.0 37.4 35.9 35.9 33.8 28.9 26.4 23.9 21.5 19.4 17.8 16.7 
37.4 35.9 35.9 33.8 28.9 26.4 23.9 21.5 19.4 17.8 16.7 15.7 
35.9 35.9 33.8 28.9 26.4 23.9 21.5 19.4 17.8 16.7 15.7 15.2 
35.9 33.8 28.9 26.4 23.9 21.5 19.4 17.8 16.7 15.7 15.2 15.2 
33.8 28.9 26.4 23.9 21.5 19.4 17.8 16.7 15.7 15.2 15.2 15.1 
28.9 26.4 23.9 21.5 19.4 17.8 16.7 15.7 15.2 15.2 15.1 15.3 
26.4 23.9 21.5 19.4 17.8 16.7 15.7 15.2 15.2 15.1 15.3 17.0 
23.9 21.5 19.4 17.8 16.7 15.7 15.2 15.2 15.1 15.3 17.0 18.3 
21.5 19.4 17.8 16.7 15.7 15.2 15.2 15.1 15.3 17.0 18.3 20.1 
19.4 17.8 16.7 15.7 15.2 15.2 15.1 15.3 17.0 18.3 20.1 22.3 
17.8 16.7 15.7 15.2 15.2 15.1 15.3 17.0 18.3 20.1 22.3 24.6 
16.7 15.7 15.2 15.2 15.1 15.3 17.0 18.3 20.1 22.3 24.6 27.2 
15.7 15.2 15.2 15.1 15.3 17.0 18.3 20.1 22.3 24.6 27.2 29.5 
15.2 15.2 15.1 15.3 17.0 18.3 20.1 22.3 24.6 27.2 29.5 29.5 
15.2 15.1 15.3 17.0 18.3 20.1 22.3 24.6 27.2 29.5 29.5 32.1 
15.1 15.3 17.0 18.3 20.1 22.3 24.6 27.2 29.5 29.5 32.1 34.3 
15.3 17.0 18.3 20.1 22.3 24.6 27.2 29.5 29.5 32.1 34.3 36.3 
17.0 18.3 20.1 22.3 24.6 27.2 29.5 29.5 32.1 34.3 36.3 37.8 
18.3 20.1 22.3 24.6 27.2 29.5 29.5 32.1 34.3 36.3 37.8 39.7 
20.1 22.3 24.6 27.2 29.5 29.5 32.1 34.3 36.3 37.8 39.7 39.5 
22.3 24.6 27.2 29.5 29.5 32.1 34.3 36.3 37.8 39.7 39.5 38.5 
24.6 27.2 29.5 29.5 32.1 34.3 36.3 37.8 39.7 39.5 38.5 37.0 
27.2 29.5 29.5 32.1 34.3 36.3 37.8 39.7 39.5 38.5 37.0 35.4 
29.5 29.5 32.1 34.3 36.3 37.8 39.7 39.5 38.5 37.0 35.4 35.4 
29.5 32.1 34.3 36.3 37.8 39.7 39.5 38.5 37.0 35.4 35.4 33.1 
32.1 34.3 36.3 37.8 39.7 39.5 38.5 37.0 35.4 35.4 33.1 30.7 
34.3 36.3 37.8 39.7 39.5 38.5 37.0 35.4 35.4 33.1 30.7 28.2 
36.3 37.8 39.7 39.5 38.5 37.0 35.4 35.4 33.1 30.7 28.2 25.9 
37.8 39.7 39.5 38.5 37.0 35.4 35.4 33.1 30.7 28.2 25.9 23.5 
39.7 39.5 38.5 37.0 35.4 35.4 33.1 30.7 28.2 25.9 23.5 19.5 
39.5 38.5 37.0 35.4 35.4 33.1 30.7 28.2 25.9 23.5 19.5 18.0 
38.5 37.0 35.4 35.4 33.1 30.7 28.2 25.9 23.5 19.5 18.0 16.6 
37.0 35.4 35.4 33.1 30.7 28.2 25.9 23.5 19.5 18.0 16.6 15.9 
35.4 35.4 33.1 30.7 28.2 25.9 23.5 19.5 18.0 16.6 15.9 15.6 
35.4 33.1 30.7 28.2 25.9 23.5 19.5 18.0 16.6 15.9 15.6 15.6 
33.1 30.7 28.2 25.9 23.5 19.5 18.0 16.6 15.9 15.6 15.6 15.5 
30.7 28.2 25.9 23.5 19.5 18.0 16.6 15.9 15.6 15.6 15.5 15.9 
28.2 25.9 23.5 19.5 18.0 16.6 15.9 15.6 15.6 15.5 15.9 16.6 
25.9 23.5 19.5 18.0 16.6 15.9 15.6 15.6 15.5 15.9 16.6 17.5 
23.5 19.5 18.0 16.6 15.9 15.6 15.6 15.5 15.9 16.6 17.5 18.9 
19.5 18.0 16.6 15.9 15.6 15.6 15.5 15.9 16.6 17.5 18.9 20.8 
18.0 16.6 15.9 15.6 15.6 15.5 15.9 16.6 17.5 18.9 20.8 25.2 
16.6 15.9 15.6 15.6 15.5 15.9 16.6 17.5 18.9 20.8 25.2 27.5 
15.9 15.6 15.6 15.5 15.9 16.6 17.5 18.9 20.8 25.2 27.5 29.8 
15.6 15.6 15.5 15.9 16.6 17.5 18.9 20.8 25.2 27.5 29.8 32.4 
15.6 15.5 15.9 16.6 17.5 18.9 20.8 25.2 27.5 29.8 32.4 34.4 
15.5 15.9 16.6 17.5 18.9 20.8 25.2 27.5 29.8 32.4 34.4 36.3 
15.9 16.6 17.5 18.9 20.8 25.2 27.5 29.8 32.4 34.4 36.3 37.1 
16.6 17.5 18.9 20.8 25.2 27.5 29.8 32.4 34.4 36.3 37.1 38.7 
17.5 18.9 20.8 25.2 27.5 29.8 32.4 34.4 36.3 37.1 38.7 39.2 
18.9 20.8 25.2 27.5 29.8 32.4 34.4 36.3 37.1 38.7 39.2 39.5 
20.8 25.2 27.5 29.8 32.4 34.4 36.3 37.1 38.7 39.2 39.5 39.1 
25.2 27.5 29.8 32.4 34.4 36.3 37.1 38.7 39.2 39.5 39.1 36.6 
27.5 29.8 32.4 34.4 36.3 37.1 38.7 39.2 39.5 39.1 36.6 34.8 
29.8 32.4 34.4 36.3 37.1 38.7 39.2 39.5 39.1 36.6 34.8 32.4 
32.4 34.4 36.3 37.1 38.7 39.2 39.5 39.1 36.6 34.8 32.4 29.9 
34.4 36.3 37.1 38.7 39.2 39.5 39.1 36.6 34.8 32.4 29.9 27.7 
36.3 37.1 38.7 39.2 39.5 39.1 36.6 34.8 32.4 29.9 27.7 25.5 
37.1 38.7 39.2 39.5 39.1 36.6 34.8 32.4 29.9 27.7 25.5 23.2 
38.7 39.2 39.5 39.1 36.6 34.8 32.4 29.9 27.7 25.5 23.2 21.0 
39.2 39.5 39.1 36.6 34.8 32.4 29.9 27.7 25.5 23.2 21.0 19.4 
39.5 39.1 36.6 34.8 32.4 29.9 27.7 25.5 23.2 21.0 19.4 18.0 
39.1 36.6 34.8 32.4 29.9 27.7 25.5 23.2 21.0 19.4 18.0 17.1 
36.6 34.8 32.4 29.9 27.7 25.5 23.2 21.0 19.4 18.0 17.1 16.2 
34.8 32.4 29.9 27.7 25.5 23.2 21.0 19.4 18.0 17.1 16.2 15.9 
32.4 29.9 27.7 25.5 23.2 21.0 19.4 18.0 17.1 16.2 15.9 15.9 
29.9 27.7 25.5 23.2 21.0 19.4 18.0 17.1 16.2 15.9 15.9 16.3 
27.7 25.5 23.2 21.0 19.4 18.0 17.1 16.2 15.9 15.9 16.3 17.0 
25.5 23.2 21.0 19.4 18.0 17.1 16.2 15.9 15.9 16.3 17.0 18.1 
23.2 21.0 19.4 18.0 17.1 16.2 15.9 15.9 16.3 17.0 18.1 19.5 
21.0 19.4 18.0 17.1 16.2 15.9 15.9 16.3 17.0 18.1 19.5 21.3 
19.4 18.0 17.1 16.2 15.9 15.9 16.3 17.0 18.1 19.5 21.3 23.4 
18.0 17.1 16.2 15.9 15.9 16.3 17.0 18.1 19.5 21.3 23.4 25.6 
17.1 16.2 15.9 15.9 16.3 17.0 18.1 19.5 21.3 23.4 25.6 27.9 
16.2 15.9 15.9 16.3 17.0 18.1 19.5 21.3 23.4 25.6 27.9 30.2 
15.9 15.9 16.3 17.0 18.1 19.5 21.3 23.4 25.6 27.9 30.2 32.5 
15.9 16.3 17.0 18.1 19.5 21.3 23.4 25.6 27.9 30.2 32.5 34.6 
16.3 17.0 18.1 19.5 21.3 23.4 25.6 27.9 30.2 32.5 34.6 36.4 
17.0 18.1 19.5 21.3 23.4 25.6 27.9 30.2 32.5 34.6 36.4 37.7 
18.1 19.5 21.3 23.4 25.6 27.9 30.2 32.5 34.6 36.4 37.7 38.6 
19.5 21.3 23.4 25.6 27.9 30.2 32.5 34.6 36.4 37.7 38.6 38.9 